0,0 4,0 4,4 0,4 
10,2 14,2 14,6 10,6 
-8,-3 -4,-3 -4,1 -8,1 
6,-6 10,-6 10,-2 6,-2 
-15,5 -11,5 -11,9 -15,9 
20,-4 24,-4 24,0 20,0 
3,10 7,10 7,14 3,14 
-12,-10 -8,-10 -8,-6 -12,-6 
15,8 19,8 19,12 15,12 
-5,12 -1,12 -1,16 -5,16 
25,3 29,3 29,7 25,7 
-20,-2 -16,-2 -16,2 -20,2 
12,-12 16,-12 16,-8 12,-8 
-18,10 -14,10 -14,14 -18,14 
8,16 12,16 12,20 8,20 
2,-2 4,-1 3,1 
-6,4 -3,6 -6,8 
7,3 9,4 8,6 
-10,-6 -7,-4 -10,-2 
13,5 16,7 14,9 
-2,14 1,16 -1,18 
18,-8 20,-5 17,-3 
-14,-12 -11,-9 -14,-7 
22,8 25,9 23,12 
-3,-15 0,-13 -2,-11 
5,18 7,21 4,22 
-16,3 -14,6 -17,7 
11,-3 13,-1 10,1 
-7,9 -4,11 -6,13 
19,14 22,16 20,18 